  12618 1
   1896 2
    497 3
    170 4
     82 5
     73 6
     21 7
     49 8
     32 9
     12 10
      7 11
     15 12
      4 13
      7 14
      1 15
     10 16
      1 17
      3 18
      3 20
      7 21
      1 23
      1 24
      1 25
      2 26
      1 28
      1 31
      2 32
      1 33
      2 36
      1 39
      1 42
      1 44
      1 46
      1 47
      3 48
      2 49
      2 52
      1 57
      1 64
      2 81
      1 83
      1 104
      1 118
      1 195
      1 218
      1 264
