1953558 1
  29132 2
   2726 3
   4592 4
    247 5
    216 6
    251 7
    253 8
     20 9
     46 10
     25 11
     28 12
     19 13
      7 14
      7 15
     14 16
      6 17
      8 18
      3 19
     11 20
      7 21
      3 22
      8 23
     18 24
      8 25
      3 26
      1 27
      5 28
      5 29
      3 30
      1 31
      2 32
      1 33
      3 34
      4 36
      4 37
      3 38
      3 39
      7 40
      2 41
      2 42
      4 43
      3 44
      2 45
      2 46
      5 47
     16 48
      1 49
      3 50
      2 51
      1 62
      1 64
      1 66
      1 67
      3 69
      1 70
      2 73
      3 74
      1 75
      1 76
      1 77
      3 80
      1 81
      1 83
      2 85
      1 87
      1 88
      2 91
      1 92
      1 93
      1 94
      2 95
      2 96
      1 97
      1 100
      1 101
      1 109
      1 111
      1 143
      1 145
      1 177
      1 200
      1 203
      1 224
      1 227
      1 231
      1 324
      1 382
      1 576
